         1        260           18  
        44        101            4  
        49         94           24  
        16         99           18  
         2         12           26  
         6        101           31  
        16        319           18  
        20        273           35  
        47        273           35  
         5        278            9  
        43         85           18  
        50        116           18  
        24        134           31  
         4        310           35  
        46        323           18  
        19        273            4  
        30        198           31  
        12         99           35  
        33         85           26  
        49         72           60  
        12        134           60  
        36        260           35  
        28        200           24  
        34          1           60  
        49          6           60  
        33        310           60  
        18        351           24  
         5         50            9  
        12          6            9  
        49        134           18  
        32        329           18  
        14         85           26  
        21         12           18  
         2        101           31  
        37        134           60  
        38         50           24  
        18         94           31  
        48         39           24  
         5         99           26  
        20        226           31  
        38         34           26  
        42          6           31  
         3        245           24  
        44        154           26  
        40          1            9  
         7          6            4  
        12        310            4  
        16        333           31  
        43         34           26  
        23        260            9  
        45        333           26  
        23         67           31  
         4        101           18  
        25        278           26  
        13        200           26  
         9        305            9  
        43        310            9  
        31        101           60  
         6        305           24  
        29         99           26  
        20        323           60  
        28         12            9  
        47        329           18  
         3        323           35  
         5        232            9  
         4        319           26  
        47        278           35  
        33        319           31  
        50        101           26  
        28         72            9  
         4        351           26  
         8        154           60  
        42        260           18  
        26        273           31  
         3        200           18  
        21        278           26  
        46         43           26  
         9          6           31  
        23        156           26  
        19         12            9  
        20        101           60  
        49         34           26  
        39        310           26  
        10        278           31  
        26        278           31  
         1         72           60  
        20        232           31  
        49        134           24  
        48        329            9  
        32        323            9  
        38         43            9  
        19        273            4  
        24        198           31  
        48        273            9  
        39        278           35  
        35        351           18  
        43        323           26  
        38        116           24  
         7        200           26  
         9        134           31  
